14806282,9949
14806282,9949
14962245,10054
14962245,10054
14805944,9949
14805944,9949
14952654,10048
14952654,10048
14806273,9949
14806273,9949
14809601,9952
14809601,9952
14958699,10052
14958699,10052
14808869,9951
14808869,9951
14957788,10051
14957788,10051
14808996,9951
14808996,9951
14807217,9950
14807217,9950
14956571,10050
14956571,10050
14807109,9950
14807109,9950
14956156,10050
14808267,9951
14808267,9951
14922585,10027
14922585,10027
14807896,9950
14807896,9950
14956458,10050
14956458,10050
14808262,9951
14808262,9951
14808924,9951
14808924,9951
14956386,10050
14956386,10050
14807425,9950
14807425,9950
14957505,10051
14957505,10051
14808140,9951
14808140,9951
14957407,10051
14957407,10051
14806806,9950
14806806,9950
14808934,9951
14808934,9951
14957624,10051
14957624,10051
14807693,9950
14807693,9950
14956327,10050
14956327,10050
14807930,9950
