14807504,9950
14807504,9950
14962771,10054
14962771,10054
14807605,9950
14807605,9950
14808480,9951
14808480,9951
14957321,10051
14957321,10051
14806993,9950
14806993,9950
14956335,10050
14956335,10050
14808263,9951
14808263,9951
14958224,10051
14958224,10051
14809120,9951
14809120,9951
14807308,9950
14807308,9950
14956504,10050
14956504,10050
14807329,9950
14807329,9950
14955564,10050
14806628,9950
14806628,9950
14808944,9951
14808944,9951
14957316,10051
14957316,10051
14809979,9952
14809979,9952
14956100,10050
14956100,10050
14806852,9950
14806852,9950
14958857,10052
14958857,10052
14808963,9951
14808963,9951
14808073,9951
14808073,9951
14957767,10051
14957767,10051
14808260,9951
14808260,9951
14956649,10050
14956649,10050
14808064,9951
14808064,9951
14808861,9951
14808861,9951
14957955,10051
14957955,10051
14806895,9950
14806895,9950
14956052,10050
