14809205,9951
14809205,9951
14963399,10055
14963399,10055
14809017,9951
14809017,9951
14809519,9952
14809519,9952
15010201,10086
15010201,10086
14806828,9950
14806828,9950
14807487,9950
14807487,9950
14956292,10050
14956292,10050
14805253,9949
14805253,9949
14956567,10050
14956567,10050
14809333,9951
14809333,9951
14809212,9951
14809212,9951
14957945,10051
14957945,10051
14810550,9952
14956977,10051
14956977,10051
14809424,9951
14809424,9951
14955872,10050
14955872,10050
14809927,9952
14809927,9952
14810740,9952
14810740,9952
14966854,10057
14966854,10057
14809524,9952
14809524,9952
14956802,10050
14956802,10050
14807424,9950
14807424,9950
14810056,9952
14810056,9952
14959129,10052
14959129,10052
14807799,9950
14807799,9950
14958301,10051
14958301,10051
14807199,9950
14807199,9950
14807084,9950
14807084,9950
14957117,10051
14957117,10051
14808107,9951
