14780972,9932
14780972,9932
14928216,10031
14928216,10031
14774819,9928
14774819,9928
14921766,10027
14921766,10027
14778241,9930
14778241,9930
14779286,9931
14779286,9931
14927009,10030
14927009,10030
14778544,9931
14778544,9931
14930223,10033
14930223,10033
14778913,9931
14778913,9931
14779123,9931
14779123,9931
14932048,10034
14932048,10034
14779681,9931
14779681,9931
14925000,10029
14774889,9928
14774889,9928
14777622,9930
14777622,9930
14930144,10033
14930144,10033
14778517,9931
14778517,9931
14924506,10029
14924506,10029
14781826,9933
14781826,9933
14780563,9932
14780563,9932
14926627,10030
14926627,10030
14774998,9928
14774998,9928
14930136,10033
14930136,10033
14779055,9931
14779055,9931
14924692,10029
14924692,10029
14774692,9928
14774692,9928
14778457,9931
14778457,9931
14930827,10033
14930827,10033
14777981,9930
14777981,9930
14928278,10031
