12247359,8230
12247359,8230
12376656,8317
12376656,8317
12248640,8231
12248640,8231
12368067,8311
12368067,8311
12245582,8229
12245582,8229
12243051,8227
12243051,8227
12366293,8310
12366293,8310
12243151,8227
12243151,8227
12365544,8309
12365544,8309
12243704,8227
12243704,8227
12245272,8228
12245272,8228
12366977,8310
12366977,8310
12244763,8228
12244763,8228
12367180,8310
12244056,8228
12244056,8228
12366760,8310
12366760,8310
12233801,8221
12233801,8221
12200263,8198
12200263,8198
12323600,8281
12323600,8281
12200072,8198
12200072,8198
12324052,8281
12324052,8281
12200312,8198
12200312,8198
12195275,8195
12195275,8195
12297072,8263
12297072,8263
12176969,8182
12176969,8182
12286632,8256
12286632,8256
12187024,8189
12187024,8189
12201168,8199
12201168,8199
12326897,8283
12326897,8283
12201804,8199
12201804,8199
12323788,8281
