5406343,3633
5406343,3633
5425664,3646
5425664,3646
5431232,3649
5431232,3649
5462016,3670
5462016,3670
5409265,3635
5409265,3635
5410319,3635
5410319,3635
5463104,3671
5463104,3671
5405996,3632
5405996,3632
5459710,3669
5459710,3669
5403034,3630
5403034,3630
5405692,3632
5405692,3632
5459520,3668
5459520,3668
5402592,3630
5402592,3630
5457736,3667
5401304,3629
5401304,3629
5402112,3630
5402112,3630
5454848,3665
5454848,3665
5401600,3629
5401600,3629
5456988,3667
5456988,3667
5395228,3625
5395228,3625
5454336,3665
5454336,3665
5399808,3628
5399808,3628
5400832,3629
5400832,3629
5453824,3665
5453824,3665
5398857,3627
5398857,3627
5453495,3664
5453495,3664
5400600,3629
5400600,3629
5400960,3629
5400960,3629
5449768,3662
5449768,3662
5395520,3625
5395520,3625
5451390,3663
