7060079,4744
7060079,4744
7060480,4744
7060480,4744
7132448,4793
7132448,4793
7057120,4742
7057120,4742
7127853,4790
7127853,4790
7055604,4741
7055604,4741
7056863,4742
7056863,4742
7127552,4789
7127552,4789
7055360,4741
7055360,4741
7130825,4791
7130825,4791
7056149,4741
7056149,4741
7054370,4740
7054370,4740
7126332,4788
7126332,4788
7056580,4741
7126213,4788
7126213,4788
7057723,4742
7057723,4742
7127040,4789
7127040,4789
7053824,4740
7053824,4740
7056884,4742
7056884,4742
7128444,4790
7128444,4790
7054439,4740
7054439,4740
7126569,4789
7126569,4789
7055440,4741
7055440,4741
7055060,4740
7055060,4740
7125724,4788
7125724,4788
7053887,4740
7053887,4740
7125040,4788
7125040,4788
7054134,4740
7054134,4740
7126143,4788
7126143,4788
7056459,4741
7056459,4741
7055872,4741
