6847000,4601
6847000,4601
6880772,4623
6880772,4623
6789362,4562
6789362,4562
6839026,4595
6839026,4595
6804992,4573
6804992,4573
6803968,4572
6803968,4572
6819628,4582
6819628,4582
6755028,4539
6755028,4539
6811136,4577
6811136,4577
6764032,4545
6764032,4545
6782976,4558
6782976,4558
6840320,4596
6840320,4596
6736896,4527
6736896,4527
6764535,4545
6645257,4465
6645257,4465
6652992,4471
6652992,4471
6699228,4501
6699228,4501
6636113,4459
6636113,4459
6697329,4500
6697329,4500
6663506,4477
6663506,4477
6787024,4560
6787024,4560
6754304,4538
6754304,4538
6765568,4546
6765568,4546
6868220,4615
6868220,4615
6762970,4544
6762970,4544
6816158,4580
6816158,4580
6771084,4550
6771084,4550
6718232,4514
6718232,4514
6763752,4545
6763752,4545
6693888,4498
6693888,4498
6712832,4511
