5798912,3896
5798912,3896
5858304,3936
5858304,3936
5800960,3898
5800960,3898
5858304,3936
5858304,3936
5799936,3897
5799936,3897
5800240,3897
5800240,3897
5856976,3935
5856976,3935
5804544,3900
5804544,3900
5862260,3939
5862260,3939
5799052,3896
5799052,3896
5858304,3936
5858304,3936
5801420,3898
5801420,3898
5800332,3897
5800332,3897
5858472,3936
5799984,3897
5799984,3897
5858256,3936
5858256,3936
5800448,3898
5800448,3898
5800448,3897
5800448,3897
5855744,3934
5855744,3934
5799936,3897
5799936,3897
5857792,3936
5857792,3936
5799936,3897
5799936,3897
5799906,3897
5799906,3897
5858846,3937
5858846,3937
5798400,3896
5798400,3896
5857640,3936
5857640,3936
5798552,3896
5798552,3896
5855096,3934
5855096,3934
5799332,3897
5799332,3897
5799140,3896
5799140,3896
5855828,3935
