5268244,3540
5268244,3540
5323776,3577
5323776,3577
5269713,3541
5269713,3541
5321856,3576
5321856,3576
5269679,3541
5269679,3541
5270016,3541
5270016,3541
5320704,3575
5320704,3575
5269504,3540
5269504,3540
5323776,3577
5323776,3577
5268208,3540
5268208,3540
5269264,3540
5269264,3540
5322240,3576
5322240,3576
5268952,3540
5268952,3540
5321768,3576
5268616,3540
5268616,3540
5322940,3576
5322940,3576
5272764,3543
5272764,3543
5272036,3542
5272036,3542
5323292,3577
5323292,3577
5270384,3541
5270384,3541
5319981,3575
5319981,3575
5269859,3541
5269859,3541
5321216,3575
5321216,3575
5266944,3539
5266944,3539
5268177,3540
5268177,3540
5322521,3576
5322521,3576
5267478,3539
5267478,3539
5321216,3575
5321216,3575
5267456,3539
5267456,3539
5321216,3575
5321216,3575
5267384,3539
