4845081,3256
4845081,3256
4896256,3290
4896256,3290
4844544,3255
4844544,3255
4891648,3287
4891648,3287
4845056,3255
4845056,3255
4844280,3255
4844280,3255
4891912,3287
4891912,3287
4843520,3254
4843520,3254
4890624,3286
4890624,3286
4842496,3254
4842496,3254
4842487,3254
4842487,3254
4891657,3287
4891657,3287
4842159,3253
4842159,3253
4890961,3286
4851045,3259
4851045,3259
4842651,3254
4842651,3254
4891136,3286
4891136,3286
4841984,3254
4841984,3254
4891648,3286
4891648,3286
4843220,3254
4843220,3254
4892460,3287
4892460,3287
4843463,3254
4843463,3254
4843625,3255
4843625,3255
4891524,3286
4891524,3286
4842900,3254
4842900,3254
4891900,3287
4891900,3287
4842940,3254
4842940,3254
4843520,3254
4843520,3254
4891648,3287
4891648,3287
4842704,3254
4842704,3254
4891881,3287
