14957540,10051
14957540,10051
14813803,9954
14813803,9954
14808548,9951
14808548,9951
14874736,9995
14874736,9995
14960384,10053
14960384,10053
14807764,9950
14807764,9950
14957901,10051
14957901,10051
14815795,9956
14815795,9956
14850932,9979
14850932,9979
14956677,10050
14956677,10050
14806031,9949
14806031,9949
14841712,9973
14841712,9973
14954628,10049
14843752,9975
14843752,9975
14807533,9950
14807533,9950
14956155,10050
14956155,10050
14807877,9950
14807877,9950
14806548,9950
14806548,9950
14955254,10049
14955254,10049
14805658,9949
14805658,9949
14957492,10051
14957492,10051
14810262,9952
14810262,9952
14953686,10048
14953686,10048
14808127,9951
14808127,9951
14896344,10010
14896344,10010
14808453,9951
14808453,9951
14826456,9963
14826456,9963
14957918,10051
14957918,10051
14805817,9949
14805817,9949
14956433,10050
14956433,10050
14806267,9949
