14808558,9951
14808558,9951
14961477,10054
14961477,10054
14807332,9950
14807332,9950
14807511,9950
14807511,9950
14957924,10051
14957924,10051
14809480,9951
14809480,9951
14954420,10049
14954420,10049
14807208,9950
14807208,9950
14808421,9951
14808421,9951
14957120,10051
14957120,10051
14807092,9950
14807092,9950
14955817,10050
14955817,10050
14808106,9951
14808106,9951
14957733,10051
14807591,9950
14807591,9950
14807949,9950
14807949,9950
14955615,10050
14955615,10050
14807676,9950
14807676,9950
14957002,10051
14957002,10051
14809198,9951
14809198,9951
14957196,10051
14957196,10051
14809761,9952
14809761,9952
14808549,9951
14808549,9951
14957363,10051
14957363,10051
14808928,9951
14808928,9951
14954765,10049
14954765,10049
14806862,9950
14806862,9950
14808005,9950
14808005,9950
14956827,10050
14956827,10050
14808847,9951
14808847,9951
14955510,10050
