14807363,9950
14807363,9950
14960081,10053
14960081,10053
14805839,9949
14805839,9949
14956220,10050
14956220,10050
14804513,9948
14804513,9948
14804859,9948
14804859,9948
14952592,10048
14952592,10048
14806428,9949
14806428,9949
14955295,10049
14955295,10049
14806336,9949
14806336,9949
14954377,10049
14954377,10049
14805753,9949
14805753,9949
14807692,9950
14807692,9950
14955723,10050
14806347,9949
14806347,9949
14955782,10050
14955782,10050
14805527,9949
14805527,9949
14805316,9949
14805316,9949
14954256,10049
14954256,10049
14807120,9950
14807120,9950
14954193,10049
14954193,10049
14807891,9950
14807891,9950
14954832,10049
14954832,10049
14807513,9950
14807513,9950
14806271,9949
14806271,9949
14954320,10049
14954320,10049
14803220,9947
14803220,9947
14953017,10048
14953017,10048
14807049,9950
14807049,9950
14955435,10050
14955435,10050
14806252,9949
