14084364,9464
14084364,9464
14224704,9558
14224704,9558
14076513,9459
14076513,9459
14220260,9555
14220260,9555
14080042,9461
14080042,9461
14081621,9462
14081621,9462
14222125,9557
14222125,9557
14076900,9459
14076900,9459
14219564,9555
14219564,9555
14079008,9461
14079008,9461
14075487,9458
14075487,9458
14219672,9555
14219672,9555
14076640,9459
14076640,9459
14218628,9554
14076950,9459
14076950,9459
14221529,9556
14221529,9556
14074569,9458
14074569,9458
14079164,9461
14079164,9461
14219315,9555
14219315,9555
14076529,9459
14076529,9459
14216663,9553
14216663,9553
14078990,9461
14078990,9461
14074696,9458
14074696,9458
14218785,9555
14218785,9555
14078786,9460
14078786,9460
14215148,9552
14215148,9552
14074177,9457
14074177,9457
14214012,9551
14214012,9551
14072047,9456
14072047,9456
14078443,9460
14078443,9460
14215566,9552
