11292138,7588
11292138,7588
11412488,7669
11412488,7669
11290821,7587
11290821,7587
11405304,7664
11405304,7664
11292444,7588
11292444,7588
11289527,7586
11289527,7586
11403283,7662
11403283,7662
11289793,7586
11289793,7586
11404036,7663
11404036,7663
11287088,7584
11287088,7584
11289100,7586
11289100,7586
11404185,7663
11404185,7663
11287322,7585
11287322,7585
11402293,7662
11302092,7594
11302092,7594
11406041,7664
11406041,7664
11289650,7586
11289650,7586
11288181,7585
11288181,7585
11397360,7659
11397360,7659
11286901,7584
11286901,7584
11400948,7661
11400948,7661
11285607,7583
11285607,7583
11286342,7584
11286342,7584
11399851,7660
11399851,7660
11286440,7584
11286440,7584
11401728,7661
11401728,7661
11287327,7585
11287327,7585
11399172,7660
11399172,7660
11286424,7584
11286424,7584
11287656,7585
11287656,7585
11398735,7659
