9588972,6443
9588972,6443
9691560,6512
9691560,6512
9591824,6445
9591824,6445
9687024,6509
9687024,6509
9592068,6445
9592068,6445
9592060,6445
9592060,6445
9686016,6509
9686016,6509
9590664,6444
9590664,6444
9686136,6509
9686136,6509
9588224,6443
9588224,6443
9595608,6448
9595608,6448
9686592,6509
9686592,6509
9588672,6443
9588672,6443
9689192,6511
9589484,6444
9589484,6444
9686694,6509
9686694,6509
9590574,6444
9590574,6444
9590272,6444
9590272,6444
9685504,6508
9685504,6508
9590272,6444
9590272,6444
9683981,6507
9683981,6507
9588799,6443
9588799,6443
9685940,6508
9685940,6508
9590096,6444
9590096,6444
9586446,6442
9586446,6442
9685922,6508
9685922,6508
9589633,6444
9589633,6444
9683071,6506
9683071,6506
9590272,6444
9590272,6444
9588736,6443
9588736,6443
9684376,6507
