8281599,5565
8281599,5565
8282584,5565
8282584,5565
8370916,5625
8370916,5625
8277956,5562
8277956,5562
8370092,5624
8370092,5624
8276564,5561
8276564,5561
8290632,5571
8290632,5571
8360628,5618
8360628,5618
8281284,5565
8281284,5565
8276800,5561
8276800,5561
8369152,5624
8369152,5624
8276048,5561
8276048,5561
8360880,5618
8360880,5618
8278016,5562
8274944,5560
8274944,5560
8361984,5619
8361984,5619
8278016,5562
8278016,5562
8358588,5617
8358588,5617
8276292,5561
8276292,5561
8276328,5561
8276328,5561
8358040,5616
8358040,5616
8279013,5563
8279013,5563
8365595,5621
8365595,5621
8280953,5564
8280953,5564
8358725,5617
8358725,5617
8276290,5561
8276290,5561
8275456,5561
8275456,5561
8356864,5615
8356864,5615
8275456,5561
8275456,5561
8356864,5615
8356864,5615
8275968,5561
