7246344,4869
7246344,4869
7320568,4919
7320568,4919
7247888,4870
7247888,4870
7324656,4922
7324656,4922
7249664,4871
7249664,4871
7245568,4868
7245568,4868
7322112,4920
7322112,4920
7245824,4869
7245824,4869
7316616,4916
7316616,4916
7245176,4868
7245176,4868
7245312,4868
7245312,4868
7316480,4916
7316480,4916
7243856,4868
7243856,4868
7316936,4916
7245374,4868
7245374,4868
7317930,4917
7317930,4917
7245312,4868
7245312,4868
7242741,4867
7242741,4867
7316352,4916
7316352,4916
7243403,4867
7243403,4867
7317477,4917
7317477,4917
7246747,4869
7246747,4869
7243904,4867
7243904,4867
7314744,4915
7314744,4915
7244341,4868
7244341,4868
7316115,4916
7316115,4916
7244037,4868
7244037,4868
7317755,4917
7317755,4917
7244288,4868
7244288,4868
7242220,4866
7242220,4866
7317524,4917
