6397952,4299
6397952,4299
6465024,4344
6465024,4344
6396368,4298
6396368,4298
6396976,4298
6396976,4298
6461952,4342
6461952,4342
6397440,4298
6397440,4298
6462976,4343
6462976,4343
6398385,4299
6398385,4299
6461007,4341
6461007,4341
6398508,4299
6398508,4299
6399444,4300
6399444,4300
6459392,4340
6459392,4340
6397440,4298
6397440,4298
6460928,4341
6397440,4298
6397440,4298
6396928,4298
6396928,4298
6462976,4343
6462976,4343
6395712,4297
6395712,4297
6461521,4342
6461521,4342
6397551,4299
6397551,4299
6461259,4342
6461259,4342
6397518,4299
6397518,4299
6398367,4299
6398367,4299
6460969,4341
6460969,4341
6398623,4299
6398623,4299
6461440,4342
6461440,4342
6397952,4299
6397952,4299
6397952,4299
6397952,4299
6462648,4343
6462648,4343
6395208,4297
6395208,4297
6461440,4341
