3963968,2663
3963968,2663
4002752,2689
4002752,2689
3960800,2661
3960800,2661
3999328,2687
3999328,2687
3957760,2659
3957760,2659
3960672,2661
3960672,2661
3996320,2685
3996320,2685
3958784,2660
3958784,2660
3996408,2685
3996408,2685
3956256,2658
3956256,2658
3956392,2658
3956392,2658
3998272,2686
3998272,2686
3955200,2657
3955200,2657
3994048,2683
3956480,2658
3956480,2658
3990774,2681
3990774,2681
3951616,2655
3951616,2655
3950016,2654
3950016,2654
3990592,2681
3990592,2681
3951040,2654
3951040,2654
3988416,2680
3988416,2680
3950656,2654
3950656,2654
3951168,2655
3951168,2655
3990976,2681
3990976,2681
3950080,2654
3950080,2654
3973184,2670
3973184,2670
3988928,2680
3988928,2680
3950146,2654
3950146,2654
3951104,2655
3951104,2655
3991038,2681
3991038,2681
3948032,2653
