5286912,3552
5286912,3552
5341696,3589
5341696,3589
5284352,3551
5284352,3551
5285888,3552
5285888,3552
5339136,3588
5339136,3588
5283840,3550
5283840,3550
5339212,3588
5339212,3588
5285053,3551
5285053,3551
5337335,3586
5337335,3586
5288448,3553
5288448,3553
5289472,3554
5289472,3554
5337600,3586
5337600,3586
5285888,3552
5285888,3552
5338624,3587
5284068,3551
5284068,3551
5338628,3587
5338628,3587
5284120,3550
5284120,3550
5285376,3551
5285376,3551
5338624,3587
5338624,3587
5284352,3551
5284352,3551
5336860,3586
5336860,3586
5285092,3551
5285092,3551
5338112,3587
5338112,3587
5285376,3551
5285376,3551
5284972,3551
5284972,3551
5337492,3586
5337492,3586
5284864,3551
5284864,3551
5339136,3587
5339136,3587
5285376,3551
5285376,3551
5285200,3551
5285200,3551
5337776,3587
