5122820,3442
5122820,3442
5070108,3407
5070108,3407
5135328,3450
5135328,3450
5086837,3418
5086837,3418
5126027,3444
5126027,3444
5097984,3425
5097984,3425
5094912,3423
5094912,3423
5132328,3449
5132328,3449
5124568,3443
5124568,3443
5151744,3461
5151744,3461
5106688,3431
5106688,3431
5075456,3410
5075456,3410
5147648,3459
5147648,3459
5108736,3432
5145916,3458
5145916,3458
5086857,3418
5086857,3418
5067323,3405
5067323,3405
5120000,3440
5120000,3440
5044224,3389
5044224,3389
5080576,3414
5080576,3414
5044736,3389
5044736,3389
5106688,3431
5106688,3431
5080064,3413
5080064,3413
5062656,3401
5062656,3401
5112297,3435
5112297,3435
5045783,3390
5045783,3390
5087856,3419
5087856,3419
5049635,3393
5049635,3393
5100653,3427
5100653,3427
5077504,3412
5077504,3412
5074944,3410
