14955041,10049
14955041,10049
14812764,9954
14812764,9954
14958468,10052
14958468,10052
14806876,9950
14806876,9950
14808388,9951
14808388,9951
14956476,10050
14956476,10050
14826744,9963
14826744,9963
14813012,9954
14813012,9954
14885680,10003
14885680,10003
14940551,10040
14940551,10040
14844004,9975
14844004,9975
14822973,9960
14822973,9960
14956467,10050
14835182,9969
14835182,9969
14828695,9964
14828695,9964
14974328,10062
14974328,10062
14809052,9951
14809052,9951
14805903,9949
14805903,9949
14955224,10049
14955224,10049
14808816,9951
14808816,9951
14956901,10051
14956901,10051
14809239,9951
14809239,9951
14807492,9950
14807492,9950
14955207,10049
14955207,10049
14809666,9952
14809666,9952
14955043,10049
14955043,10049
14801835,9946
14801835,9946
14956264,10050
14956264,10050
14807484,9950
14807484,9950
14807722,9950
14807722,9950
14958364,10052
