14804000,9948
14804000,9948
14959511,10052
14959511,10052
14805111,9949
14805111,9949
14952463,10048
14952463,10048
14806978,9950
14806978,9950
14807701,9950
14807701,9950
14965267,10056
14965267,10056
14804747,9948
14804747,9948
14955187,10049
14955187,10049
14807595,9950
14807595,9950
14805747,9949
14805747,9949
14956176,10050
14956176,10050
14803400,9947
14803400,9947
14955043,10049
14803906,9948
14803906,9948
14806964,9950
14806964,9950
14957400,10051
14957400,10051
14805740,9949
14805740,9949
14954118,10049
14954118,10049
14805217,9949
14805217,9949
14955089,10049
14955089,10049
14805672,9949
14805672,9949
14802965,9948
14802965,9948
14955023,10049
14955023,10049
14804475,9948
14804475,9948
14955512,10050
14955512,10050
14806529,9949
14806529,9949
14804036,9948
14804036,9948
14952979,10048
14952979,10048
14803208,9947
14803208,9947
14951433,10047
