14808921,9951
14808921,9951
14961730,10054
14961730,10054
14807528,9950
14807528,9950
14808608,9951
14808608,9951
14958019,10051
14958019,10051
14809402,9951
14809402,9951
14957651,10051
14957651,10051
14808445,9951
14808445,9951
14808372,9951
14808372,9951
14956915,10051
14956915,10051
14808925,9951
14808925,9951
14956256,10050
14956256,10050
14808079,9950
14808079,9950
14914369,10022
14807944,9950
14807944,9950
14954956,10049
14954956,10049
14805495,9949
14805495,9949
14957220,10051
14957220,10051
14808788,9951
14808788,9951
14812480,9953
14812480,9953
14957323,10051
14957323,10051
14809918,9952
14809918,9952
14961987,10054
14961987,10054
14810653,9952
14810653,9952
14810044,9952
14810044,9952
14958059,10051
14958059,10051
14810576,9952
14810576,9952
14828228,9964
14828228,9964
14957876,10051
14957876,10051
14822788,9960
14822788,9960
14959220,10052
