14912554,10021
14916245,10023
14913745,10022
14764720,9921
14912435,10021
14913107,10021
14913607,10021
14764412,9921
14913444,10021
14913275,10021
14764492,9921
14913051,10021
14913377,10021
14913117,10021
14764248,9921
14912471,10021
14913289,10021
14764947,9922
14913248,10021
14912324,10021
14912749,10021
14764249,9921
14912703,10021
14912796,10021
14912707,10021
14763605,9921
14912727,10021
14912878,10021
14763839,9921
14912163,10020
14912240,10021
14913257,10021
14764463,9921
14913352,10021
14912473,10021
14912916,10021
14912110,10020
14912156,10020
14763453,9921
14912573,10021
14913513,10021
14913650,10021
14764740,9921
14913055,10021
14912844,10021
14912852,10021
14763789,9921
14912855,10021
14913382,10021
14765463,9922
14913639,10021
14912598,10021
14913162,10021
14764224,9921
14913367,10021
14912193,10020
14764506,9921
14912931,10021
14912685,10021
14913108,10021
14764424,9921
14913312,10021
14913499,10021
14912100,10020
14764279,9921
14912373,10021
14912746,10021
14764406,9921
14912965,10021
14913222,10021
14913005,10021
14763864,9921
14912806,10021
14913071,10021
14912366,10021
14764054,9921
14913034,10021
14913101,10021
14764160,9921
14912923,10021
14913638,10021
14763698,9921
14912630,10021
14911996,10020
14913113,10021
14764421,9921
14912477,10021
14913041,10021
14764268,9921
14913055,10021
14912900,10021
14912744,10021
14763537,9921
14912058,10020
14913069,10021
14913309,10021
14764550,9921
14913021,10021
14912968,10021
14764541,9921
14912965,10021
14912423,10021
14912265,10021
14764303,9921
14912902,10021
14912765,10021
14912966,10021
14764255,9921
14910164,10019
14913611,10021
14764469,9921
14913360,10021
14912895,10021
14914229,10022
14763798,9921
14913655,10021
14913059,10021
14764384,9921
14913263,10021
14913585,10021
14912595,10021
14764737,9921
14912872,10021
14912916,10021
14764156,9921
14912964,10021
14913166,10021
14764330,9921
14912620,10021
14912635,10021
14913046,10021
14763351,9920
14913295,10021
14913068,10021
14913066,10021
14763637,9921
14913161,10021
14913062,10021
14763739,9921
14913236,10021
14912939,10021
14912977,10021
14763837,9921
14913150,10021
14912889,10021
14912823,10021
14764151,9921
14912850,10021
14913003,10021
14763828,9921
14913087,10021
14912937,10021
14912964,10021
14764130,9921
14913025,10021
14912380,10021
14764370,9921
14912811,10021
14912377,10021
14912820,10021
14764259,9921
14912624,10021
14912361,10021
14913027,10021
14763996,9921
14912995,10021
14762697,9920
14913647,10021
14912622,10021
14912922,10021
14764521,9921
14912160,10020
14912722,10021
14913214,10021
14764104,9921
14912856,10021
14912012,10020
14764318,9921
14912670,10021
14913246,10021
