14790114,9938
14955687,10050
14911493,10020
14763281,9920
14912064,10020
14912231,10021
14762524,9920
14912649,10021
14910331,10020
14911829,10020
14763404,9921
14910738,10020
14911210,10020
14912503,10021
14763687,9921
14912478,10021
14912528,10021
14763710,9921
14912318,10021
14911907,10020
14911677,10020
14763399,9921
14912666,10021
14911886,10020
14912200,10020
14762801,9920
14912132,10020
14911080,10020
14763384,9921
14911396,10020
14911615,10021
14912348,10021
14763421,9921
14912596,10021
14912752,10021
14911205,10020
14912349,10021
14911663,10020
14763584,9921
14912273,10021
14912297,10021
14913418,10021
14763033,9920
14912368,10021
14911508,10020
14762756,9920
14911860,10020
14911973,10020
14911215,10020
14761875,9920
14910928,10020
14910269,10019
14912500,10021
14762816,9920
14912112,10020
14911720,10020
14762601,9920
14910536,10020
14911764,10020
14912022,10020
14763022,9920
14909774,10019
14912407,10021
14911730,10020
14763768,9921
14912617,10021
14912175,10020
14762696,9921
14911880,10020
14911619,10020
14912288,10021
14762225,9920
14912045,10020
14911638,10020
14763652,9921
14910644,10019
14911396,10020
14910046,10019
14910979,10020
14912307,10021
14912285,10021
14763365,9920
14911903,10020
14912156,10020
14762164,9920
14911933,10020
14911691,10020
14911804,10020
14763537,9921
14912302,10021
