14912462,10021
14917157,10024
14913275,10021
14764580,9921
14913351,10021
14913618,10021
14764545,9921
14912572,10021
14913086,10021
14913376,10021
14763789,9921
14913125,10021
14913059,10021
14913741,10022
14764084,9921
14914719,10022
14913312,10021
14764185,9921
14914131,10022
14912612,10021
14913333,10021
14765216,9922
14913249,10021
14913124,10021
14764449,9921
14913221,10021
14913400,10021
14913275,10021
14764525,9921
14913049,10021
14913731,10022
14913070,10021
14764650,9921
14913351,10021
14913410,10021
14764491,9921
14913260,10021
14913108,10021
14764607,9921
14913661,10021
14914111,10022
14913786,10022
14763771,9921
14913006,10021
14912666,10021
14764576,9921
14912954,10021
14913292,10021
14912914,10021
14764063,9921
14912173,10021
14913148,10021
14912812,10021
14763792,9921
14912387,10021
14912781,10021
14763932,9921
14913225,10021
14913151,10021
14913312,10021
14763912,9921
14913368,10021
14913244,10021
14913179,10021
14763470,9921
14912915,10021
14912575,10021
14763866,9921
14912667,10021
14913172,10021
14912429,10021
14764330,9921
14912792,10021
14913541,10021
14913179,10021
14764897,9922
14913815,10022
14913681,10021
14764216,9921
14912990,10021
14913710,10022
14764872,9922
14913462,10021
14912876,10021
14764488,9921
14912431,10021
14913531,10021
14914045,10022
14763867,9921
14913715,10022
