14871636,9993
14870739,9993
14826764,9963
14827805,9963
14842107,9974
14922266,10027
14829137,9965
14962340,10054
14849496,9978
14828968,9965
14961796,10054
15111280,10154
14812712,9954
15224013,10230
15190244,10207
14963273,10055
15288440,10273
14992251,10074
14712975,9887
14989357,10072
14812945,9954
15169860,10194
14953910,10049
14992684,10075
14991278,10074
15052799,10115
14873408,9994
14516387,9755
15170857,10194
14814022,9955
14694999,9875
14931456,10033
14992724,10075
14992144,10074
15051076,10114
14933347,10035
14865059,9989
14875804,9995
14694194,9874
14554339,9780
14873408,9994
14873345,9994
14884188,10002
14516948,9755
14991692,10074
14708162,9883
14912201,10020
14991144,10073
14814569,9955
14813415,9954
14783855,9934
14951961,10047
15049547,10113
15049482,10113
15162053,10188
14871596,9993
14872429,9994
14945155,9989
14875154,9996
14991646,10074
14828209,9964
14538682,9770
14574617,9794
14998650,10079
14577391,9795
14336989,9634
14873219,9994
15170483,10194
14872559,9994
14977685,10065
14933037,10034
14753410,9914
14990908,10073
14968187,10058
14933279,10035
14755413,9915
14932515,10034
15053443,10115
14753916,9914
14872734,9994
14932524,10034
15230330,10234
15114510,10157
14825251,9962
14694790,9874
15038245,10105
15051288,10114
14753117,9914
14872308,9994
15052603,10115
