15099575,10148
14746289,9909
14746959,9909
15102531,10149
15081624,10134
14497292,9742
14692388,9873
14930421,10033
15112177,10155
14814011,9954
14695135,9875
15170965,10194
14695373,9875
14755091,9915
14813965,9954
15052362,10115
14874264,9995
14874709,9995
14813828,9954
14933712,10035
14635177,9834
14933792,10035
14991895,10074
14873764,9995
14933540,10035
14815105,9955
14872927,9994
15216431,10225
14649180,9844
14892887,10006
14774774,9929
15045547,10110
14892221,10007
14739183,9904
15468760,10395
14394273,9674
14814702,9955
14933285,10035
14871754,9993
14808745,9951
14867728,9990
14807740,9950
15223744,10230
14628980,9830
14866937,9990
15222967,10229
14807353,9950
14866738,9990
15222953,10230
14627735,9829
14865565,9989
14747336,9910
14807180,9950
14688987,9870
15105701,10150
14746365,9909
14746159,9909
15164201,10190
14805861,9949
14848329,9978
