12822363,8616
12948412,8701
12948412,8701
12692987,8529
12699405,8533
13004288,8738
13004288,8738
12350380,8299
12785705,8591
12785705,8591
13022108,8751
12766665,8579
12191959,8192
12191959,8192
12600522,8467
12998782,8734
12555580,8437
12555580,8437
12670710,8514
12469487,8379
12469487,8379
12895096,8665
12597615,8465
12218234,8210
12218234,8210
12547584,8431
12407641,8337
12407641,8337
12733872,8557
12014089,8073
12425371,8350
12425371,8350
12413864,8342
12617980,8479
12294350,8261
12294350,8261
12649223,8500
12429247,8352
12429247,8352
12205627,8202
12439007,8358
12723712,8550
12723712,8550
12567901,8445
12341849,8293
12364874,8309
12364874,8309
12524070,8416
12301448,8266
12301448,8266
12392965,8327
12430101,8353
12430101,8353
12676366,8518
12008746,8069
12585207,8457
12585207,8457
12192156,8193
12598608,8466
12006492,8068
