10403993,6991
10403993,6991
10166491,6831
10166491,6831
10196225,6851
10196225,6851
10316631,6932
10316631,6932
10256948,6892
10256948,6892
10162072,6828
10162072,6828
10315880,6932
10315880,6932
10114501,6796
10114501,6796
10117768,6799
10117768,6799
10124354,6803
10124354,6803
10225521,6871
10225521,6871
10020809,6733
10020809,6733
10018791,6732
9977936,6705
9977936,6705
9909760,6659
9909760,6659
10126381,6804
10126381,6804
9895384,6649
9895384,6649
9929686,6672
9929686,6672
10096249,6784
10096249,6784
10013516,6729
10013516,6729
10021156,6734
10021156,6734
10009905,6726
10009905,6726
10091293,6781
10091293,6781
10153270,6823
10153270,6823
10034596,6743
10034596,6743
9874828,6635
9874828,6635
10090021,6780
10090021,6780
9895207,6649
9895207,6649
9990460,6713
9990460,6713
9976831,6704
9976831,6704
10018304,6732
