9147172,6146
9147172,6146
9140188,6142
9140188,6142
9221777,6197
9221777,6197
8825304,5930
8825304,5930
8877499,5965
8877499,5965
8716800,5857
8716800,5857
8822784,5928
8822784,5928
8734425,5869
8734425,5869
8726311,5864
8726311,5864
8575343,5762
8575343,5762
8604984,5782
8511035,5719
8511035,5719
8501022,5712
8501022,5712
8419840,5658
8419840,5658
8456721,5682
8456721,5682
8491503,5706
8491503,5706
8522968,5727
8522968,5727
8506152,5716
8506152,5716
8410500,5651
8410500,5651
8430268,5665
8430268,5665
8498624,5710
8498624,5710
8475655,5695
8475655,5695
8626169,5796
8626169,5796
8436405,5669
8436405,5669
8428363,5663
8428363,5663
8418304,5657
8418304,5657
8469756,5691
8469756,5691
8379652,5631
8379652,5631
8331776,5598
8376925,5629
8376925,5629
8412067,5652
8412067,5652
