8232448,5532
8232448,5532
8317440,5589
8317440,5589
8231725,5531
8231725,5531
8315603,5588
8315603,5588
8228463,5529
8228463,5529
8229521,5530
8229521,5530
8312185,5585
8312185,5585
8226967,5528
8226967,5528
8304856,5580
8304856,5580
8227352,5528
8227352,5528
8227840,5529
8227840,5529
8303811,5580
8303811,5580
8223548,5526
8223548,5526
8299644,5577
8225792,5527
8225792,5527
8225792,5527
8225792,5527
8309760,5584
8309760,5584
8219648,5523
8219648,5523
8308736,5583
8308736,5583
8228605,5529
8228605,5529
8303875,5580
8303875,5580
8230912,5531
8230912,5531
8224768,5527
8224768,5527
8307712,5582
8307712,5582
8220608,5524
8220608,5524
8301120,5578
8301120,5578
8225105,5527
8225105,5527
8220885,5524
8220885,5524
8297760,5576
8297760,5576
8216762,5521
8216762,5521
8305152,5581
