36846,24
36846,24
40940,27
40940,27
42987,28
42987,28
42987,28
42987,28
42987,28
42987,28
40940,27
40940,27
42987,28
42987,28
42987,28
42987,28
42987,28
42987,28
42987,28
42987,28
42987,28
42987,28
40940,27
40940,27
42987,28
42987,28
42987,28
42987,28
42987,28
42987,28
42987,28
42987,28
42987,28
40940,27
40940,27
42987,28
42987,28
42987,28
42987,28
42987,28
42987,28
42987,28
42987,28
42987,28
42987,28
40940,27
40940,27
42987,28
42987,28
42987,28
42987,28
42987,28
42987,28
40940,27
40940,27
42987,28
42987,28
42987,28
42987,28
42987,28
