10323176,6937
10323176,6937
10460160,7029
10460160,7029
10321032,6935
10321032,6935
10324344,6937
10324344,6937
10424261,7005
10424261,7005
10361403,6962
10361403,6962
10324120,6937
10324120,6937
10434920,7012
10434920,7012
10319120,6934
10319120,6934
10427265,7007
10427265,7007
10305870,6925
10303741,6924
10303741,6924
10406547,6993
10406547,6993
10308720,6927
10308720,6927
10411869,6996
10411869,6996
10305033,6924
10305033,6924
10406554,6993
10406554,6993
10324387,6937
10324387,6937
10304433,6924
10304433,6924
10406060,6992
10406060,6992
10301228,6922
10301228,6922
10408428,6994
10408428,6994
10306792,6926
10306792,6926
10303653,6924
10303653,6924
10407500,6993
10407500,6993
10302409,6923
10302409,6923
10406656,6993
10406656,6993
10305652,6925
10305652,6925
10404166,6991
10404166,6991
10312931,6930
10312931,6930
10304285,6924
