10174924,6837
10174924,6837
10188833,6846
10188833,6846
10166803,6832
10166803,6832
10091746,6781
10091746,6781
10182748,6842
10182748,6842
10094586,6783
10094586,6783
10204574,6857
10204574,6857
10152648,6822
10152648,6822
10103948,6789
10103948,6789
10074382,6770
10074382,6770
10037760,6745
10037760,6745
10246144,6885
10246144,6885
10164069,6830
10164069,6830
10137056,6812
10277563,6906
10277563,6906
10102272,6788
10102272,6788
10276864,6906
10276864,6906
10172178,6835
10172178,6835
10070146,6767
10070146,6767
10359396,6961
10359396,6961
10197058,6852
10197058,6852
10289094,6914
10289094,6914
9989038,6712
9989038,6712
10107951,6792
10107951,6792
10151971,6822
10151971,6822
10057086,6758
10057086,6758
10351233,6956
10351233,6956
10254446,6890
10254446,6890
10250366,6888
10250366,6888
10048234,6752
10048234,6752
10111530,6795
