8397744,5643
8397744,5643
8338192,5603
8338355,5603
8338355,5603
8428146,5663
8428146,5663
8337102,5602
8428060,5663
8428060,5663
8341696,5605
8348068,5609
8348068,5609
8418752,5657
8418752,5657
8335744,5601
8422217,5659
8422217,5659
8347735,5609
8347735,5609
8323680,5593
8415461,5655
8415461,5655
8349224,5610
8420851,5658
8420851,5658
8334651,5600
8334651,5600
8431999,5666
8337158,5602
8337158,5602
8337920,5603
8337920,5603
8431872,5666
8339008,5603
8339008,5603
8413450,5653
8349814,5611
8349814,5611
8421140,5659
8421140,5659
8338164,5603
8347548,5609
8347548,5609
8420492,5658
8336528,5602
8336528,5602
8434144,5667
8434144,5667
8331159,5598
8420470,5658
8420470,5658
8349011,5610
8349011,5610
8332352,5599
8414592,5654
8414592,5654
8348533,5610
8416907,5656
8416907,5656
