4454780,2993
4459140,2996
4494848,3020
4494848,3020
4449964,2990
4500308,3024
4500308,3024
4443238,2986
4490138,3017
4445665,2987
4445665,2987
4483103,3012
4437504,2981
4437504,2981
4491264,3018
4433408,2979
4484096,3013
4484096,3013
4438016,2982
4475392,3007
4475392,3007
4424192,2973
4438452,2982
4471372,3004
4471372,3004
4425728,2974
4479488,3010
4426752,2974
4426752,2974
4470029,3003
4427507,2975
4427507,2975
4461712,2998
4418990,2969
4464843,3000
4464843,3000
4415223,2967
4457984,2995
4457984,2995
4416512,2968
4456448,2994
4416345,2967
4416345,2967
4422311,2971
4459008,2996
4459008,2996
4408832,2962
4463616,2999
4406272,2960
4406272,2960
4451592,2991
4415736,2967
4415736,2967
4451328,2991
4409344,2963
4460032,2997
4460032,2997
4408320,2962
4447668,2988
4447668,2988
