3976629,2672
3943082,2649
3985920,2678
3985920,2678
3943624,2650
3978040,2673
3978040,2673
3943936,2650
3979264,2673
3937792,2646
3937792,2646
3980800,2675
3937280,2645
3937280,2645
3980800,2675
3946496,2651
3978820,2673
3978820,2673
3941220,2648
3979241,2674
3979241,2674
3941999,2649
3980288,2674
3940001,2647
3940001,2647
3934047,2643
3977200,2672
3943440,2650
3943440,2650
3920896,2634
3786240,2544
3786240,2544
3826176,2571
3786384,2544
3824496,2570
3824496,2570
3785728,2544
3823616,2569
3823616,2569
3788362,2545
3885494,2611
3939840,2647
3939840,2647
3977216,2672
3948544,2653
3948544,2653
3973120,2669
3941888,2648
3981312,2675
3981312,2675
3938304,2646
3936768,2645
3936768,2645
3985920,2678
3940352,2648
3978240,2673
3978240,2673
3942400,2649
3978240,2673
3978240,2673
