3658752,2458
3626496,2437
3665408,2463
3665408,2463
3624960,2435
3663872,2462
3663872,2462
3623424,2434
3626496,2437
3661824,2460
3661824,2460
3628544,2438
3658752,2458
3658752,2458
3624960,2435
3664896,2462
3627028,2437
3627028,2437
3658680,2458
3629382,2439
3629382,2439
3660014,2459
3625472,2436
3668992,2465
3668992,2465
3623936,2435
3660800,2460
3625984,2436
3625984,2436
3662848,2461
3627520,2437
3627520,2437
3670528,2466
3627520,2437
3627520,2437
3627520,2437
3664384,2462
3623936,2435
3623936,2435
3662324,2460
3625484,2436
3663360,2461
3663360,2461
3627520,2437
3667968,2464
3667968,2464
3621988,2433
3661842,2460
3626890,2437
3626890,2437
3663360,2461
3552256,2387
3552256,2387
3534848,2375
3499008,2351
3534336,2375
3534336,2375
3500032,2352
3536896,2376
3536896,2376
