14949750,10046
14949750,10046
14805629,9949
14805629,9949
14950553,10046
14950553,10046
14802664,9947
14802664,9947
14950848,10047
14950848,10047
14801232,9946
14801232,9946
14803823,9948
14803823,9948
14957789,10051
14957789,10051
14808072,9951
14808072,9951
14950180,10046
14950180,10046
14802384,9947
14802384,9947
14949172,10045
14949172,10045
14802732,9947
14802732,9947
14951264,10047
14799344,9945
14799344,9945
14951511,10047
14951511,10047
14802917,9947
14802917,9947
14950311,10046
14950311,10046
14801860,9947
14801860,9947
14950516,10046
14950516,10046
14800068,9945
14800068,9945
14803997,9948
14803997,9948
14950823,10046
14950823,10046
14801949,9946
14801949,9946
14951663,10047
14951663,10047
14802889,9947
14802889,9947
14951275,10047
14951275,10047
14802456,9947
14802456,9947
14948599,10045
14948599,10045
14802350,9947
14802350,9947
14949804,10046
