14950146,10046
14950146,10046
14811124,9953
14811124,9953
14955610,10050
14955610,10050
14805115,9948
14805115,9948
14803575,9948
14803575,9948
14950809,10046
14950809,10046
14808887,9951
14808887,9951
14952540,10048
14952540,10048
14803600,9948
14803600,9948
14950832,10046
14950832,10046
14802352,9947
14802352,9947
14951604,10047
14951604,10047
14803836,9948
14803836,9948
14952454,10048
14803858,9948
14803858,9948
14952856,10048
14952856,10048
14810652,9952
14810652,9952
14953629,10048
14953629,10048
14803531,9948
14803531,9948
14803728,9948
14803728,9948
14952568,10048
14952568,10048
14804556,9948
14804556,9948
14952736,10048
14952736,10048
14803884,9948
14803884,9948
14952316,10047
14952316,10047
14803972,9948
14803972,9948
14952756,10048
14952756,10048
14803121,9947
14803121,9947
14951555,10047
14951555,10047
14803449,9947
14803449,9947
14951903,10047
