11649241,7828
11756887,7900
11630673,7815
11630673,7815
11742027,7890
11614720,7805
11614720,7805
11717452,7874
11613310,7804
11721190,7876
11721190,7876
11536160,7752
11265235,7570
11265235,7570
11138825,7485
11232952,7548
11191181,7520
11191181,7520
11540188,7755
11624476,7811
11624476,7811
11531887,7749
11656083,7832
11525055,7744
11525055,7744
11671978,7843
11535108,7751
11535108,7751
11651945,7830
11537047,7752
11649692,7828
11649692,7828
11529316,7747
11654484,7831
11654484,7831
11517464,7739
11631921,7816
11545263,7758
11545263,7758
11648213,7827
11538143,7753
11538069,7753
11538069,7753
11648131,7827
11517672,7739
11517672,7739
11658752,7834
11530284,7748
11641713,7823
11641713,7823
11526073,7745
11647616,7827
11647616,7827
11533866,7750
11653914,7831
11527910,7746
11527910,7746
11657268,7833
11536016,7752
11536016,7752
