9522629,6399
9610811,6458
9529644,6403
9529644,6403
9614961,6461
9515911,6394
9515911,6394
9624621,6467
9514671,6393
9602560,6452
9602560,6452
9528564,6403
9514252,6393
9514252,6393
9605120,6454
9527296,6402
9610169,6458
9610169,6458
9513543,6393
9620480,6464
9620480,6464
9514310,6393
9615546,6461
9517764,6396
9517764,6396
9622761,6466
9511507,6391
9599913,6451
9599913,6451
9515607,6394
9610020,6457
9610020,6457
9516252,6394
9598464,6450
9506816,6388
9506816,6388
9614406,6460
9520956,6398
9520956,6398
9512062,6392
9612550,6459
9515770,6394
9515770,6394
9587876,6443
9514280,6393
9514280,6393
9608084,6457
9509017,6390
9614939,6461
9614939,6461
9515626,6394
9605202,6454
9605202,6454
9516756,6395
9604988,6454
9508532,6389
9508532,6389
9611528,6458
9506884,6388
9506884,6388
