8083718,5432
8004608,5379
8067584,5421
8067584,5421
7999918,5375
8091352,5437
8091352,5437
8001640,5377
7989147,5368
8070007,5422
8070007,5422
8000233,5376
8080985,5430
8080985,5430
8011863,5383
8082620,5431
8008145,5381
8008145,5381
8076762,5427
7987200,5367
7987200,5367
8076288,5427
8000081,5376
8065967,5420
8065967,5420
8003497,5378
8067625,5421
7989431,5368
7989431,5368
8082682,5431
7992320,5370
7992320,5370
7988694,5368
8087208,5434
7998374,5374
7998374,5374
8075228,5426
8006656,5380
8006656,5380
8072704,5424
7996694,5373
8086250,5433
8086250,5433
7993856,5371
8077824,5428
8077824,5428
7979806,5362
8067816,5421
7972858,5357
7972858,5357
8077824,5428
7994880,5372
7994880,5372
8071168,5423
8003584,5378
8076800,5427
8076800,5427
7979008,5361
8000996,5376
8000996,5376
