6954493,4673
6911803,4644
6961861,4678
6961861,4678
6902352,4638
6908961,4642
6908961,4642
6972216,4685
6901426,4637
6977435,4688
6977435,4688
6900234,4637
6967831,4682
6967831,4682
6907369,4641
6970368,4684
6898176,4635
6898176,4635
6978048,4689
6894080,4632
6894080,4632
6968614,4683
6908122,4642
6965354,4680
6965354,4680
6902678,4638
6967678,4682
6887042,4628
6887042,4628
6962613,4678
6905419,4640
6905419,4640
6903296,4638
6968320,4682
6907234,4641
6907234,4641
6972375,4685
6899824,4636
6899824,4636
6974923,4687
6895929,4634
6970195,4683
6970195,4683
6906880,4641
6972928,4685
6972928,4685
6906166,4640
6969239,4683
6894387,4633
6894387,4633
6970880,4684
6906880,4641
6906880,4641
6969344,4683
6907176,4641
6889417,4629
6889417,4629
6972175,4685
6904832,4640
6904832,4640
