6242434,4194
6181336,4153
6231300,4187
6231300,4187
6176768,4150
6243840,4195
6243840,4195
6179348,4152
6238700,4192
6183904,4155
6183904,4155
6228512,4185
6184960,4156
6184960,4156
6238720,4192
6177280,4151
6177792,4151
6177792,4151
6236160,4190
6171240,4147
6171240,4147
6240893,4193
6161179,4140
6237005,4191
6237005,4191
6173363,4148
6228992,4186
6159872,4139
6159872,4139
6231422,4187
6161723,4140
6161723,4140
6235975,4190
6172672,4147
6230528,4187
6230528,4187
6163968,4142
6235136,4189
6235136,4189
6161920,4140
6235074,4189
6163518,4141
6163518,4141
6167552,4144
6232064,4187
6232064,4187
6156137,4136
6226583,4184
6172560,4147
6172560,4147
6226293,4184
6164704,4142
6164704,4142
6229216,4186
6157627,4137
6223821,4182
6223821,4182
6170675,4146
6213420,4175
6213420,4175
