5352165,3596
5294875,3558
5363200,3604
5363200,3604
5302784,3563
5349724,3595
5349724,3595
5303972,3564
5350400,3595
5297092,3559
5297092,3559
5358072,3600
5295978,3558
5295978,3558
5348570,3594
5301760,3563
5352798,3596
5352798,3596
5298338,3560
5345948,3592
5345948,3592
5298364,3560
5295272,3558
5357056,3599
5357056,3599
5293056,3556
5347840,3593
5301760,3562
5301760,3562
5343232,3590
5294592,3557
5294592,3557
5346676,3593
5294220,3557
5347840,3593
5347840,3593
5301248,3562
5338624,3587
5338624,3587
5292550,3556
5348346,3594
5292885,3556
5292885,3556
5338795,3587
5294592,3557
5294592,3557
5342208,3589
5286400,3552
5298176,3560
5298176,3560
5344768,3591
5290496,3555
5290496,3555
5351920,3596
5288976,3554
5340160,3588
5340160,3588
5296128,3559
5340672,3588
5340672,3588
