4939264,3319
4884513,3282
4926943,3310
4926943,3310
4883968,3281
4916736,3304
4916736,3304
4878848,3278
4933632,3315
4874818,3276
4874818,3276
4875198,3275
4928512,3311
4928512,3311
4867165,3270
4919203,3305
4867072,3270
4867072,3270
4915200,3303
4863488,3268
4863488,3268
4918850,3305
4862398,3267
4907520,3298
4907520,3298
4858368,3264
4902162,3294
4852852,3261
4852852,3261
4908666,3298
4849664,3258
4849664,3258
4894720,3289
4860416,3265
4852736,3261
4852736,3261
4902912,3294
4850302,3259
4850302,3259
4893960,3288
4845690,3256
4897792,3291
4897792,3291
4836864,3250
4892160,3287
4892160,3287
4845568,3256
4891136,3286
4842496,3254
4842496,3254
4883968,3281
4838106,3251
4838106,3251
4891430,3286
4833280,3248
4882944,3281
4882944,3281
4837888,3250
4831994,3247
4873990,3275
