9192846,6177
9192846,6177
9284881,6239
9191464,6176
9191464,6176
9193280,6177
9193280,6177
9281152,6236
9190841,6176
9190841,6176
9284423,6239
9190216,6175
9190216,6175
9191864,6176
9191864,6176
9290009,6242
9189543,6175
9189543,6175
9283392,6238
9283392,6238
9192704,6177
9189964,6175
9189964,6175
9281475,6237
9192433,6177
9192433,6177
9279769,6236
9279769,6236
9191039,6176
9191144,6176
9191144,6176
9278137,6234
9191959,6177
9191959,6177
9286192,6240
9286192,6240
9187648,6174
9190528,6176
9190528,6176
9284635,6239
9284635,6239
9190181,6175
9280768,6236
9280768,6236
9193088,6177
9188800,6174
9188800,6174
9282688,6237
9282688,6237
9193466,6178
9283479,6238
9283479,6238
9189436,6175
9189436,6175
9190835,6176
9281237,6236
9281237,6236
9189331,6175
9283482,6238
9283482,6238
