1802368,1211
1802368,1211
1821248,1223
1802496,1211
1802496,1211
1802880,1211
1802880,1211
1820608,1223
1802496,1211
1802496,1211
1820224,1223
1802368,1211
1802368,1211
1802048,1210
1802048,1210
1820224,1223
1801920,1210
1801920,1210
1820608,1223
1820608,1223
1802624,1211
1802240,1211
1802240,1211
1820032,1223
1802368,1211
1802368,1211
1820800,1223
1820800,1223
1802432,1211
1802432,1211
1802432,1211
1820288,1223
1802240,1211
1802240,1211
1821568,1224
1821568,1224
1803246,1211
1820171,1223
1820171,1223
1802631,1211
1802631,1211
1802496,1211
1820352,1223
1820352,1223
1802496,1211
1820493,1223
1820493,1223
1802611,1211
1802611,1211
1802442,1211
1820598,1223
1820598,1223
1802496,1211
1802496,1211
1820608,1223
1802496,1211
1802496,1211
1802304,1211
1820992,1223
1820992,1223
