14809285,9951
14809285,9951
14961718,10054
14961718,10054
14817270,9957
14817270,9957
14816513,9956
14816513,9956
14956422,10050
14956422,10050
14807052,9950
14807052,9950
14955568,10050
14955568,10050
14808304,9951
14808304,9951
14805383,9949
14805383,9949
14955602,10050
14955602,10050
14809391,9951
14809391,9951
14956324,10050
14956324,10050
14806869,9950
14806869,9950
14958662,10052
14807430,9950
14807430,9950
14811656,9953
14811656,9953
14956146,10050
14956146,10050
14806994,9950
14806994,9950
14956719,10050
14956719,10050
14807514,9950
14807514,9950
14802113,9947
14802113,9947
14958165,10051
14958165,10051
14810974,9952
14810974,9952
14959234,10052
14959234,10052
14810498,9952
14810498,9952
14810311,9952
14810311,9952
14955717,10050
14955717,10050
14808546,9951
14808546,9951
14953192,10048
14953192,10048
14808169,9951
14808169,9951
14808327,9951
