57316,38
57316,38
55269,37
55269,37
57316,38
57316,38
57316,38
57316,38
57316,38
57316,38
57316,38
57316,38
57316,38
57316,38
55269,37
55269,37
57316,38
57316,38
57316,38
57316,38
57316,38
57316,38
57316,38
57316,38
57316,38
57316,38
55269,37
57316,38
57316,38
57316,38
57316,38
57316,38
57316,38
57316,38
57316,38
57316,38
57316,38
55269,37
55269,37
57316,38
57316,38
57316,38
57316,38
57316,38
57316,38
57316,38
57316,38
57316,38
57316,38
55269,37
55269,37
57316,38
57316,38
57316,38
57316,38
55269,37
55269,37
57316,38
57316,38
57316,38
