13153970,8839
13153970,8839
12843304,8630
12843304,8630
12819460,8614
12819460,8614
12599261,8466
12599261,8466
12488093,8392
12488093,8392
12527242,8418
12527242,8418
12351982,8300
12351982,8300
12405216,8336
12405216,8336
12237603,8223
12237603,8223
12335749,8289
12335749,8289
12161104,8172
12161104,8172
12243159,8227
12243159,8227
12096968,8129
12096968,8129
12157636,8169
12006871,8068
12006871,8068
12119670,8144
12119670,8144
11950592,8030
11950592,8030
11931136,8017
11931136,8017
12021652,8078
12021652,8078
11878880,7982
11878880,7982
11977672,8048
11977672,8048
11811196,7937
11811196,7937
11896487,7994
11896487,7994
11773973,7912
11773973,7912
11870208,7976
11870208,7976
11749246,7895
11749246,7895
11834498,7952
11834498,7952
11710588,7869
11710588,7869
11767983,7908
11767983,7908
11647556,7827
11647556,7827
11758629,7901
