4902400,3294
4902400,3294
4944944,3323
4944944,3323
4891024,3286
4891024,3286
4937280,3318
4937280,3318
4883968,3281
4883968,3281
4880696,3279
4880696,3279
4930760,3313
4930760,3313
4878848,3278
4878848,3278
4926222,3310
4926222,3310
4874930,3275
4874930,3275
4912567,3301
4912567,3301
4868544,3271
4868544,3271
4872978,3274
4872978,3274
4917038,3304
4870890,3273
4870890,3273
4919574,3306
4919574,3306
4872093,3273
4872093,3273
4864402,3268
4864402,3268
4920529,3306
4920529,3306
4868544,3271
4868544,3271
4915776,3303
4915776,3303
4866048,3270
4866048,3270
4916736,3304
4916736,3304
4867584,3271
4867584,3271
4866255,3270
4866255,3270
4918513,3305
4918513,3305
4871744,3273
4871744,3273
4919270,3305
4919270,3305
4868122,3271
4868122,3271
4916224,3303
4916224,3303
4864000,3268
