6315520,4243
6315520,4243
6379364,4286
6379364,4286
6315209,4243
6315209,4243
6378963,4286
6378963,4286
6315015,4243
6315015,4243
6317561,4245
6317561,4245
6384128,4289
6384128,4289
6316032,4244
6316032,4244
6378496,4286
6378496,4286
6315008,4243
6315008,4243
6314496,4243
6314496,4243
6378496,4286
6378496,4286
6314984,4243
6314984,4243
6378520,4286
6322176,4248
6322176,4248
6315008,4243
6315008,4243
6378496,4286
6378496,4286
6314496,4243
6314496,4243
6378496,4286
6378496,4286
6313984,4242
6313984,4242
6376972,4285
6376972,4285
6320125,4247
6320125,4247
6314487,4243
6314487,4243
6379008,4286
6379008,4286
6313984,4242
6313984,4242
6376868,4285
6376868,4285
6314076,4243
6314076,4243
6316032,4244
6316032,4244
6376960,4285
6376960,4285
6314000,4243
6314000,4243
6377456,4285
