6096384,4096
6096384,4096
6179593,4152
6179593,4152
6139127,4125
6139127,4125
6179049,4152
6179049,4152
6119549,4112
6119549,4112
6081178,4086
6081178,4086
6173184,4148
6173184,4148
6145536,4129
6145536,4129
6197248,4164
6197248,4164
6053376,4067
6053376,4067
6074880,4082
6074880,4082
6151680,4133
6151680,4133
6115840,4109
6115840,4109
6183936,4155
6098944,4098
6098944,4098
6129121,4118
6129121,4118
6057503,4070
6057503,4070
6066688,4076
6066688,4076
6133125,4121
6133125,4121
6049403,4065
6049403,4065
6085120,4089
6085120,4089
6034944,4055
6034944,4055
6075440,4082
6075440,4082
6117249,4110
6117249,4110
6059087,4071
6059087,4071
6136731,4123
6136731,4123
6077588,4084
6077588,4084
6141393,4126
6141393,4126
6087680,4090
6087680,4090
6092800,4094
6092800,4094
6150920,4133
