6966346,4681
6966346,4681
7035424,4727
7035424,4727
6962176,4678
6962176,4678
6959624,4677
6959624,4677
7029240,4723
7029240,4723
6960640,4677
6960640,4677
7028224,4722
7028224,4722
6956856,4675
6956856,4675
7025332,4720
7025332,4720
6957076,4675
6957076,4675
6954496,4673
6954496,4673
7028736,4723
7028736,4723
6953472,4672
6953472,4672
7019008,4716
6954496,4673
6954496,4673
7025664,4721
7025664,4721
6949970,4670
6949970,4670
6949852,4670
6949852,4670
7025221,4720
7025221,4720
6953259,4672
6953259,4672
7020879,4718
7020879,4718
6950590,4670
6950590,4670
6952184,4671
6952184,4671
7022175,4718
7022175,4718
6951672,4671
6951672,4671
7024128,4720
7024128,4720
6948591,4669
6948591,4669
7020163,4717
7020163,4717
6950802,4670
6950802,4670
6950505,4670
6950505,4670
7019667,4717
