73692,49
73692,49
73692,49
73692,49
71645,48
71645,48
73692,49
73692,49
73692,49
73692,49
71645,48
71645,48
73692,49
73692,49
71645,48
71645,48
73692,49
73692,49
71645,48
71645,48
73692,49
73692,49
73692,49
73692,49
71645,48
71645,48
73692,49
73692,49
73692,49
73692,49
73692,49
71645,48
71645,48
73692,49
73692,49
73692,49
73692,49
71645,48
71645,48
73692,49
73692,49
73692,49
73692,49
71645,48
71645,48
73692,49
73692,49
73692,49
73692,49
73692,49
73692,49
71645,48
71645,48
73692,49
73692,49
73692,49
73692,49
71645,48
71645,48
73692,49
