8758139,5885
8758139,5885
8845445,5944
8845445,5944
8754688,5883
8754688,5883
8755712,5883
8755712,5883
8842752,5942
8842752,5942
8754688,5883
8754688,5883
8843776,5943
8843776,5943
8755265,5883
8755265,5883
8755507,5883
8755507,5883
8846476,5944
8846476,5944
8758632,5885
8758632,5885
8842048,5941
8842048,5941
8756040,5884
8756040,5884
8755728,5883
8842240,5941
8842240,5941
8755200,5883
8755200,5883
8842752,5942
8842752,5942
8753963,5882
8753963,5882
8754389,5882
8754389,5882
8844110,5943
8844110,5943
8777010,5898
8777010,5898
8754560,5883
8754560,5883
8844288,5943
8844288,5943
8754401,5882
8754401,5882
8842527,5942
8842527,5942
8755200,5883
8755200,5883
8754688,5883
8754688,5883
8841216,5941
8841216,5941
8756736,5884
8756736,5884
8845312,5944
8845312,5944
8755200,5883
