8494588,5708
8494588,5708
8591872,5773
8591872,5773
8539648,5738
8539648,5738
8682636,5834
8682636,5834
8617844,5791
8617844,5791
8618496,5791
8618496,5791
8712252,5854
8712252,5854
8619972,5792
8619972,5792
8659664,5819
8659664,5819
8555009,5748
8555009,5748
8570891,5759
8570891,5759
8625444,5796
8625444,5796
8559940,5752
8559940,5752
8670840,5826
8610372,5786
8610372,5786
8604981,5782
8604981,5782
8511995,5720
8511995,5720
8469200,5691
8469200,5691
8585020,5769
8585020,5769
8539860,5738
8539860,5738
8605168,5782
8605168,5782
8502016,5713
8502016,5713
8568576,5758
8568576,5758
8624936,5796
8624936,5796
8549592,5745
8549592,5745
8649021,5812
8649021,5812
8551106,5746
8551106,5746
8678957,5832
8678957,5832
8594136,5775
8594136,5775
8632571,5801
8632571,5801
8696320,5843
