14954524,10049
14954524,10049
14811667,9953
14811667,9953
14955260,10049
14955260,10049
14805045,9948
14805045,9948
14804843,9948
14804843,9948
14955000,10049
14955000,10049
14807016,9950
14807016,9950
14953646,10048
14953646,10048
14808220,9951
14808220,9951
14807035,9950
14807035,9950
14955400,10050
14955400,10050
14807917,9950
14807917,9950
14955750,10050
14955750,10050
14806332,9949
14953941,10049
14953941,10049
14808823,9951
14808823,9951
14805035,9948
14805035,9948
14956446,10050
14956446,10050
14806623,9950
14806623,9950
14954520,10049
14954520,10049
14807108,9950
14807108,9950
14807072,9950
14807072,9950
14955480,10050
14955480,10050
14807322,9950
14807322,9950
14952783,10048
14952783,10048
14805604,9949
14805604,9949
14952651,10048
14952651,10048
14807572,9950
14807572,9950
14805712,9949
14805712,9949
14955304,10049
14955304,10049
14806829,9950
