63457,42
63457,42
63457,42
63457,42
65504,44
65504,44
63457,42
63457,42
63457,42
63457,42
63457,42
63457,42
65504,44
65504,44
63457,42
63457,42
63457,42
63457,42
63457,42
63457,42
65504,44
65504,44
63457,42
63457,42
63457,42
63457,42
63457,42
65504,44
65504,44
63457,42
63457,42
63457,42
63457,42
63457,42
63457,42
65504,44
65504,44
63457,42
63457,42
63457,42
63457,42
65504,44
65504,44
63457,42
63457,42
63457,42
63457,42
63457,42
63457,42
65108,43
65108,43
63853,43
63853,43
63457,42
63457,42
63457,42
63457,42
65504,44
65504,44
63457,42
