14806397,9949
14806397,9949
14959159,10052
14959159,10052
14807241,9950
14807241,9950
14956083,10050
14956083,10050
14807117,9950
14807117,9950
14805991,9949
14805991,9949
14955780,10050
14955780,10050
14807053,9950
14807053,9950
14956471,10050
14956471,10050
14807428,9950
14807428,9950
14959388,10052
14959388,10052
14805588,9949
14805588,9949
14808932,9951
14808932,9951
14957093,10051
14806405,9949
14806405,9949
14954622,10049
14954622,10049
14806972,9950
14806972,9950
14808633,9951
14808633,9951
14959451,10052
14959451,10052
14808476,9951
14808476,9951
14956492,10050
14956492,10050
14808556,9951
14808556,9951
14952724,10048
14952724,10048
14808234,9951
14808234,9951
14807238,9950
14807238,9950
14956321,10050
14956321,10050
14808292,9951
14808292,9951
14957287,10051
14957287,10051
14804436,9948
14804436,9948
14956596,10050
14956596,10050
14807024,9950
