14808148,9951
14808148,9951
14967328,10058
14967328,10058
14810372,9952
14810372,9952
14811987,9953
14811987,9953
14955930,10050
14955930,10050
14811580,9953
14811580,9953
14958942,10052
14958942,10052
14808826,9951
14808826,9951
14807268,9950
14807268,9950
14956928,10051
14956928,10051
14809275,9951
14809275,9951
14957141,10051
14957141,10051
14806860,9950
14806860,9950
14957799,10051
14808065,9951
14808065,9951
14807641,9950
14807641,9950
14958419,10052
14958419,10052
14809652,9952
14809652,9952
14957507,10051
14957507,10051
14808840,9951
14808840,9951
14808826,9951
14808826,9951
14957521,10051
14957521,10051
14809908,9952
14809908,9952
14957314,10051
14957314,10051
14808531,9951
14808531,9951
14810735,9952
14810735,9952
14954069,10049
14954069,10049
14809016,9951
14809016,9951
14956669,10050
14956669,10050
14807363,9950
14807363,9950
14958655,10052
