12509106,8406
12509106,8406
12638093,8492
12638093,8492
12507717,8405
12507717,8405
12511160,8407
12511160,8407
12634800,8490
12634800,8490
12510943,8407
12510943,8407
12633752,8489
12633752,8489
12505869,8403
12505869,8403
12631316,8488
12631316,8488
12506112,8404
12506112,8404
12506594,8404
12506594,8404
12624242,8483
12624242,8483
12504758,8403
12504758,8403
12627443,8485
12504253,8402
12504253,8402
12635017,8490
12635017,8490
12506384,8404
12506384,8404
12500184,8400
12500184,8400
12620296,8480
12620296,8480
12497176,8398
12497176,8398
12622152,8482
12622152,8482
12495831,8397
12495831,8397
12622485,8482
12622485,8482
12496096,8397
12496096,8397
12499360,8399
12499360,8399
12623796,8483
12623796,8483
12492538,8395
12492538,8395
12617314,8478
12617314,8478
12496696,8397
12496696,8397
12613173,8475
12613173,8475
12494883,8396
