63457,42
63457,42
65504,44
65504,44
63457,42
63457,42
61410,41
61410,41
63457,42
63457,42
63457,42
63457,42
65504,44
65504,44
63457,42
63457,42
65504,44
65504,44
63457,42
63457,42
63457,42
63457,42
63457,42
63457,42
65504,44
65504,44
63457,42
63457,42
63457,42
63457,42
63457,42
63457,42
63457,42
65504,44
65504,44
63457,42
63457,42
63457,42
63457,42
65504,44
65504,44
63457,42
63457,42
63457,42
63457,42
63457,42
63457,42
65504,44
65504,44
63457,42
63457,42
63457,42
63457,42
63457,42
63457,42
65504,44
65504,44
63457,42
63457,42
63457,42
