14808840,9951
14808840,9951
14961773,10054
14961773,10054
14808420,9951
14808420,9951
14958420,10052
14958420,10052
14809940,9952
14809940,9952
14808004,9950
14808004,9950
14954019,10049
14954019,10049
14807161,9950
14807161,9950
14956752,10050
14956752,10050
14809275,9951
14809275,9951
14809072,9951
14809072,9951
14957008,10051
14957008,10051
14809081,9951
14809081,9951
14955608,10050
14809285,9951
14809285,9951
14957123,10051
14957123,10051
14810077,9952
14810077,9952
14808867,9951
14808867,9951
14957607,10051
14957607,10051
14806893,9950
14806893,9950
14955403,10050
14955403,10050
14807824,9950
14807824,9950
14806045,9949
14806045,9949
14959395,10052
14959395,10052
14809021,9951
14809021,9951
14954972,10049
14954972,10049
14807875,9950
14807875,9950
14957690,10051
14957690,10051
14808238,9951
14808238,9951
14809473,9951
14809473,9951
14956991,10051
