14641958,9839
14641958,9839
14890751,10006
14890751,10006
14785388,9935
14785388,9935
14959348,10052
14959348,10052
14808920,9951
14808920,9951
14806736,9950
14806736,9950
14954748,10049
14954748,10049
14809564,9952
14809564,9952
14958852,10052
14958852,10052
14808552,9951
14808552,9951
14778044,9930
14778044,9930
14956736,10050
14956736,10050
14808657,9951
14808657,9951
14956488,10050
14807639,9950
14807639,9950
14803281,9947
14803281,9947
14955375,10050
14955375,10050
14805829,9949
14805829,9949
14956902,10051
14956902,10051
14808342,9951
14808342,9951
14924211,10029
14924211,10029
14784603,9935
14784603,9935
14807797,9950
14807797,9950
14951187,10047
14951187,10047
14773189,9927
14773189,9927
14955736,10050
14955736,10050
14807018,9950
14807018,9950
14762579,9920
14762579,9920
14805199,9949
14805199,9949
14767317,9923
14767317,9923
14928271,10031
