6123663,4115
6123663,4115
6183424,4155
6183424,4155
6119424,4112
6119424,4112
6116864,4110
6116864,4110
6183424,4155
6183424,4155
6118912,4112
6118912,4112
6179328,4152
6179328,4152
6117091,4110
6117091,4110
6178589,4151
6178589,4151
6116864,4110
6116864,4110
6118401,4111
6118401,4111
6177593,4151
6177593,4151
6115974,4109
6115974,4109
6177344,4151
6117888,4111
6117888,4111
6116800,4110
6116800,4110
6169145,4145
6169145,4145
6114916,4109
6114916,4109
6177180,4151
6177180,4151
6115840,4109
6115840,4109
6173696,4148
6173696,4148
6113792,4108
6113792,4108
6114816,4109
6114816,4109
6174896,4149
6174896,4149
6113149,4108
6113149,4108
6173866,4148
6173866,4148
6115424,4109
6115424,4109
6112702,4107
6112702,4107
6176523,4150
6176523,4150
6114144,4108
6114144,4108
6174927,4149
