7898317,5307
7898317,5307
7980038,5362
7980038,5362
7895853,5305
7895853,5305
7973888,5358
7973888,5358
7896576,5306
7896576,5306
7894016,5304
7894016,5304
7973696,5358
7973696,5358
7895232,5305
7895232,5305
7974108,5358
7974108,5358
7894664,5305
7894664,5305
7974360,5358
7974360,5358
7894724,5305
7894724,5305
7893504,5304
7893504,5304
7973888,5358
7894776,5305
7894776,5305
7972678,5357
7972678,5357
7896048,5306
7896048,5306
7893481,5304
7893481,5304
7971385,5356
7971385,5356
7894220,5304
7894220,5304
7973265,5357
7973265,5357
7893811,5304
7893811,5304
7972861,5357
7972861,5357
7894015,5304
7894015,5304
7890088,5302
7890088,5302
7971176,5356
7971176,5356
7895564,5306
7895564,5306
7971645,5356
7971645,5356
7893858,5304
7893858,5304
7895829,5306
7895829,5306
7976171,5359
