7456744,5010
7456744,5010
7484936,5029
7484936,5029
7425024,4989
7425024,4989
7472584,5021
7472584,5021
7571902,5088
7571902,5088
7480954,5027
7480954,5027
7529984,5060
7529984,5060
7502848,5041
7502848,5041
7606848,5111
7606848,5111
7592896,5102
7592896,5102
7549204,5073
7549204,5073
7648012,5139
7648012,5139
7503283,5042
7503283,5042
7536753,5064
7517376,5051
7517376,5051
7526404,5057
7526404,5057
7565560,5083
7565560,5083
7542981,5068
7542981,5068
7612731,5115
7612731,5115
7554560,5076
7554560,5076
7663616,5149
7663616,5149
7541760,5068
7541760,5068
7583127,5095
7583127,5095
7601257,5107
7601257,5107
7547904,5072
7547904,5072
7555584,5077
7555584,5077
7606848,5111
7606848,5111
7507392,5044
7507392,5044
7538497,5065
7538497,5065
7489215,5032
7489215,5032
7521111,5054
