5660005,9961
5660005,9961
5717687,10063
5658828,9959
5658828,9959
5659041,9959
5659041,9959
5716185,10060
5659096,9960
5659096,9960
5715965,10060
5658860,9959
5658860,9959
5658786,9959
5658786,9959
5715212,10058
5660026,9961
5660026,9961
5715692,10059
5715692,10059
5658835,9959
5658653,9959
5658653,9959
5715782,10059
5660434,9962
5660434,9962
5661918,9964
5661918,9964
5716328,10060
5660272,9962
5660272,9962
5715764,10059
5659143,9960
5659143,9960
5658869,9959
5658869,9959
5715446,10059
5659534,9960
5659534,9960
5715524,10059
5715524,10059
5658636,9959
5658865,9959
5658865,9959
5716217,10060
5660299,9962
5660299,9962
5715021,10058
5715021,10058
5658882,9959
5658885,9959
5658885,9959
5716021,10060
5716021,10060
5660465,9962
5714850,10058
5714850,10058
5658904,9959
5658603,9959
5658603,9959
