1844608,3246
1844608,3246
1864298,3281
1844630,3246
1844630,3246
1844928,3246
1844928,3246
1863079,3279
1844569,3246
1844569,3246
1863296,3279
1844480,3246
1844480,3246
1844738,3246
1844738,3246
1863294,3279
1844421,3246
1844421,3246
1863355,3279
1863355,3279
1844672,3246
1844544,3246
1844544,3246
1863362,3279
1844542,3246
1844542,3246
1863296,3279
1863296,3279
1844800,3246
1844800,3246
1844800,3246
1863168,3279
1844800,3246
1844800,3246
1863648,3280
1863648,3280
1844512,3246
1844736,3246
1844736,3246
1863168,3279
1863168,3279
1844632,3246
1863218,3279
1863218,3279
1844406,3246
1863245,3279
1863245,3279
1844787,3246
1844787,3246
1844672,3246
1863104,3279
1863104,3279
1844736,3246
1844736,3246
1863040,3278
1845568,3248
1845568,3248
1845056,3247
1863040,3278
1863040,3278
