4374528,2939
4374528,2939
4416576,2968
4416576,2968
4372992,2938
4372992,2938
4373504,2938
4373504,2938
4416448,2967
4416448,2967
4369320,2936
4369320,2936
4413528,2965
4413528,2965
4369884,2936
4369884,2936
4410404,2963
4410404,2963
4371456,2937
4371456,2937
4373568,2939
4373568,2939
4413312,2965
4413312,2965
4373568,2939
4373568,2939
4415608,2967
4376905,2941
4376905,2941
4376247,2940
4376247,2940
4418004,2968
4418004,2968
4375084,2940
4375084,2940
4415488,2967
4415488,2967
4366336,2934
4366336,2934
4410816,2963
4410816,2963
4366336,2934
4366336,2934
4365376,2933
4365376,2933
4412864,2965
4412864,2965
4363776,2932
4363776,2932
4409096,2963
4409096,2963
4373232,2938
4373232,2938
4367165,2934
4367165,2934
4409495,2963
4409495,2963
4364396,2933
4364396,2933
4407347,2961
