5769328,3876
5769328,3876
5829120,3917
5829120,3917
5768704,3876
5768704,3876
5827842,3916
5827842,3916
5768446,3876
5768446,3876
5769012,3876
5769012,3876
5825740,3915
5825740,3915
5767168,3875
5767168,3875
5827282,3915
5827282,3915
5767383,3875
5767383,3875
5826135,3915
5826135,3915
5769728,3877
5769728,3877
5768192,3876
5768192,3876
5825536,3915
5768432,3876
5768432,3876
5824272,3913
5824272,3913
5766656,3875
5766656,3875
5768433,3876
5768433,3876
5826319,3915
5826319,3915
5768192,3876
5768192,3876
5826048,3914
5826048,3914
5767224,3875
5767224,3875
5827528,3916
5827528,3916
5769124,3876
5769124,3876
5768348,3876
5768348,3876
5825472,3914
5825472,3914
5768113,3876
5768113,3876
5825615,3914
5825615,3914
5768192,3876
5768192,3876
5768192,3875
5768192,3875
5822976,3913
