5518028,3708
5518028,3708
5518132,3708
5518132,3708
5581312,3750
5581312,3750
5536256,3720
5536256,3720
5533696,3718
5533696,3718
5579776,3749
5579776,3749
5529600,3715
5529600,3715
5498880,3695
5498880,3695
5537024,3720
5537024,3720
5478863,3681
5478863,3681
5546729,3727
5546729,3727
5498952,3695
5498952,3695
5521408,3710
5521408,3710
5456896,3667
5474441,3678
5474441,3678
5523943,3712
5523943,3712
5462224,3670
5462224,3670
5542660,3724
5542660,3724
5474236,3678
5474236,3678
5484544,3685
5484544,3685
5542400,3724
5542400,3724
5462771,3671
5462771,3671
5536525,3720
5536525,3720
5507072,3700
5507072,3700
5474816,3679
5474816,3679
5531648,3717
5531648,3717
5483010,3684
5483010,3684
5544446,3725
5544446,3725
5489152,3688
5489152,3688
5577728,3748
5577728,3748
5534624,3719
