51175,34
51175,34
51175,34
51175,34
51175,34
51175,34
51175,34
51175,34
51175,34
51175,34
51175,34
51175,34
51175,34
51175,34
51175,34
51175,34
51175,34
51175,34
51175,34
51175,34
51175,34
51175,34
51175,34
51175,34
49128,33
49128,33
51175,34
51175,34
51175,34
51175,34
51175,34
51175,34
51175,34
51175,34
51175,34
51175,34
51175,34
51175,34
51175,34
51175,34
51175,34
51175,34
51175,34
51175,34
51175,34
51175,34
51175,34
51175,34
51175,34
51175,34
51175,34
51175,34
51175,34
51175,34
51175,34
51175,34
51175,34
51175,34
51175,34
51175,34
