9964136,6695
9964136,6695
10065492,6764
10065492,6764
9959424,6692
9959424,6692
9958912,6692
9958912,6692
10060984,6760
10060984,6760
9956764,6690
9956764,6690
10056574,6757
10056574,6757
9959331,6692
9959331,6692
10057351,6758
10057351,6758
9960448,6693
9960448,6693
9957386,6691
9957386,6691
10051962,6754
10051962,6754
9958012,6691
9958012,6691
10056423,6757
9957961,6691
9957961,6691
10055712,6757
10055712,6757
9957436,6691
9957436,6691
9953581,6688
9953581,6688
10061631,6761
10061631,6761
9955958,6690
9955958,6690
10055570,6757
10055570,6757
9954616,6689
9954616,6689
9950876,6687
9950876,6687
10053071,6755
10053071,6755
9951700,6687
9951700,6687
10050702,6754
10050702,6754
9946482,6684
9946482,6684
9948726,6685
9948726,6685
10050159,6753
10050159,6753
9952673,6688
9952673,6688
10056416,6757
