12546008,8430
12546008,8430
12670976,8514
12670976,8514
12539024,8426
12539024,8426
12667760,8512
12667760,8512
12539787,8426
12539787,8426
12536981,8424
12536981,8424
12669247,8513
12669247,8513
12537250,8425
12537250,8425
12663039,8509
12663039,8509
12539560,8426
12539560,8426
12661266,8508
12661266,8508
12537090,8424
12537090,8424
12536877,8424
12536877,8424
12665824,8511
12537391,8425
12537391,8425
12664025,8510
12664025,8510
12539301,8426
12539301,8426
12664398,8510
12664398,8510
12535856,8424
12535856,8424
12535468,8423
12535468,8423
12661849,8508
12661849,8508
12537751,8425
12537751,8425
12663269,8509
12663269,8509
12536543,8424
12536543,8424
12568973,8446
12568973,8446
12664763,8510
12664763,8510
12534955,8423
12534955,8423
12663285,8509
12663285,8509
12536351,8424
12536351,8424
12535710,8424
12535710,8424
12658592,8506
