12276680,8249
12276680,8249
11971333,8044
11971333,8044
12035467,8087
12035467,8087
12136728,8155
12136728,8155
12078136,8116
12078136,8116
12173924,8180
12173924,8180
12088032,8123
12088032,8123
12125477,8148
12125477,8148
12076900,8115
12076900,8115
12027475,8082
12027475,8082
12175360,8181
12175360,8181
12012452,8072
12012452,8072
12076595,8115
12076595,8115
12201926,8199
12124140,8147
12124140,8147
12097988,8129
12097988,8129
12034227,8087
12034227,8087
12221134,8212
12221134,8212
11959090,8036
11959090,8036
11859976,7969
11859976,7969
12087120,8122
12087120,8122
12096156,8128
12096156,8128
12089697,8124
12089697,8124
11998890,8063
11998890,8063
12143533,8160
12143533,8160
12156499,8169
12156499,8169
11965008,8040
11965008,8040
12132910,8153
12132910,8153
12163376,8173
12163376,8173
12404623,8335
12404623,8335
12198773,8197
