14953368,10048
14953368,10048
14809884,9952
14953888,10049
14953888,10049
14804559,9948
14804559,9948
14958292,10051
14802932,9947
14802932,9947
14952892,10048
14802097,9947
14802097,9947
14951531,10047
14951531,10047
14804393,9948
14803040,9947
14803040,9947
14952505,10048
14952505,10048
14803539,9947
14951291,10047
14951291,10047
14803521,9947
14948711,10045
14948711,10045
14803885,9948
14803885,9948
14952117,10047
14808135,9951
14808135,9951
14951536,10047
14951536,10047
14804584,9948
14951345,10047
14951345,10047
14805699,9949
14953128,10048
14953128,10048
14803943,9948
14803943,9948
14953876,10048
14802668,9947
14802668,9947
14805260,9949
14805260,9949
14952408,10048
14803142,9947
14803142,9947
14951934,10047
14804277,9948
14804277,9948
14953423,10048
14953423,10048
14804165,9948
14952710,10048
14952710,10048
14804433,9948
14804433,9948
14952056,10047
