14801944,9946
14801944,9946
14956035,10050
14801145,9946
14801145,9946
14952800,10048
14803643,9948
14803643,9948
14951346,10047
14951346,10047
14802907,9947
14952332,10047
14952332,10047
14803667,9948
14803667,9948
14801953,9946
14950535,10046
14950535,10046
14802808,9947
14950808,10046
14950808,10046
14802138,9947
14802138,9947
14950866,10047
14801979,9946
14801979,9946
14949421,10046
14949421,10046
14802113,9947
14951155,10047
14951155,10047
14802637,9947
14949960,10046
14949960,10046
14801852,9946
14801852,9946
14952683,10048
14801833,9946
14801833,9946
14952303,10048
14952303,10048
14803704,9948
14952055,10047
14952055,10047
14803661,9948
14801718,9946
14801718,9946
14975866,10063
14975866,10063
14819153,9959
14951523,10047
14951523,10047
14802461,9947
14802461,9947
14952107,10047
14803250,9947
14803250,9947
14803291,9947
14950759,10046
14950759,10046
