14952597,10048
14807907,9950
14952209,10047
14952209,10047
14803634,9948
14953191,10048
14953191,10048
14801702,9946
14951219,10047
14803062,9947
14803062,9947
14953733,10048
14801174,9946
14801174,9946
14951612,10047
14803485,9947
14801860,9946
14801860,9946
14951211,10047
14801873,9946
14801873,9946
14951699,10047
14802088,9947
14951970,10047
14951970,10047
14803155,9947
14951492,10047
14804309,9948
14804309,9948
14952754,10048
14803129,9947
14803129,9947
14950693,10046
14803786,9948
14952414,10047
14952414,10047
14804020,9948
14952303,10047
14952303,10047
14802831,9947
14955336,10049
14801765,9946
14801765,9946
14803255,9947
14950181,10046
14950181,10046
14804151,9948
14951625,10047
14803151,9947
14803151,9947
14953216,10048
14802701,9947
14802701,9947
14951180,10047
14803255,9947
14951592,10047
14951592,10047
14803113,9947
14951721,10047
14951721,10047
