14950432,10046
14809344,9951
14950048,10046
14950048,10046
14801592,9946
14949000,10045
14949000,10045
14801996,9946
14953016,10048
14804490,9948
14804490,9948
14803722,9948
14953016,10048
14953016,10048
14805385,9949
14950194,10046
14802873,9947
14802873,9947
14953364,10048
14801352,9946
14801352,9946
14956747,10050
14804100,9948
14952357,10047
14952357,10047
14803829,9948
14952747,10048
14804288,9948
14804288,9948
14952080,10047
14803987,9948
14803987,9948
14953881,10049
14802023,9946
14804685,9948
14804685,9948
14951734,10047
14804457,9948
14804457,9948
14952376,10047
14801437,9947
14952752,10048
14952752,10048
14803556,9947
14955592,10050
14955592,10050
14803387,9947
14950517,10046
14800245,9945
14800245,9945
14951443,10047
14802559,9947
14802559,9947
14952649,10048
14803792,9948
14953884,10049
14953884,10049
14803303,9947
14801292,9946
14801292,9946
