14800971,9946
14800971,9946
14955772,10050
14800357,9945
14800357,9945
14950220,10046
14799824,9945
14949029,10045
14949029,10045
14806111,9949
14801910,9946
14801910,9946
14951090,10047
14801849,9946
14949458,10046
14949458,10046
14801790,9946
14951096,10047
14801823,9946
14801823,9946
14948863,10045
14801365,9946
14801365,9946
14949636,10046
14803432,9947
14949227,10045
14949227,10045
14800920,9946
14950727,10046
14950727,10046
14802818,9947
14801780,9946
14950861,10047
14950861,10047
14802574,9947
14950700,10046
14950700,10046
14800128,9945
14949804,10046
14801633,9946
14801633,9946
14950693,10046
14801151,9946
14801151,9946
14949967,10046
14801569,9946
14948599,10045
14948599,10045
14802253,9947
14949615,10046
14802084,9947
14802084,9947
14950040,10046
14800145,9945
14800145,9945
14949427,10046
14801378,9946
14801454,9946
14801454,9946
14950289,10046
