14803956,9948
14803956,9948
14808545,9951
14953400,10048
14953400,10048
14803447,9947
14803447,9947
14951591,10047
14804357,9948
14804357,9948
14953224,10048
14801520,9946
14801520,9946
14951428,10047
14951428,10047
14800243,9945
14952193,10047
14952193,10047
14804472,9948
14804472,9948
14951564,10047
14804209,9948
14804209,9948
14952572,10048
14804195,9948
14804195,9948
14952837,10048
14952837,10048
14803028,9947
14803247,9947
14803247,9947
14952445,10048
14952445,10048
14804063,9948
14949808,10046
14949808,10046
14804876,9948
14957683,10051
14957683,10051
14804469,9948
14804469,9948
14954404,10049
14803197,9947
14803197,9947
14952487,10048
14952487,10048
14801744,9946
14952944,10048
14952944,10048
14802074,9946
14803667,9948
14803667,9948
14950391,10046
14950391,10046
14803197,9947
14952838,10048
14952838,10048
14805082,9949
14805082,9949
14952687,10048
