14950329,10046
14950329,10046
14806667,9950
14950324,10046
14950324,10046
14801560,9946
14801560,9946
14952608,10048
14800541,9945
14800541,9945
14951740,10047
14799159,9945
14799159,9945
14950001,10046
14950001,10046
14801320,9946
14802331,9947
14802331,9947
14951907,10047
14951907,10047
14801641,9946
14949999,10046
14949999,10046
14803085,9947
14951308,10047
14951308,10047
14806908,9950
14806908,9950
14950301,10046
14801430,9946
14801430,9946
14951181,10047
14951181,10047
14803073,9947
14948651,10045
14948651,10045
14803282,9947
14950299,10046
14950299,10046
14802243,9947
14802243,9947
14952408,10048
14802753,9947
14802753,9947
14801824,9946
14801824,9946
14951044,10047
14801640,9946
14801640,9946
14949275,10045
14802347,9947
14802347,9947
14950579,10046
14950579,10046
14802862,9947
14950424,10046
14950424,10046
14800744,9946
14800744,9946
14949549,10046
