14801943,9946
14801943,9946
14808308,9951
14952373,10047
14952373,10047
14802851,9947
14802851,9947
14950578,10046
14802167,9947
14802167,9947
14951079,10047
14802626,9947
14802626,9947
14951866,10047
14951866,10047
14803033,9948
14957423,10051
14957423,10051
14803046,9947
14803046,9947
14953318,10048
14802453,9947
14802453,9947
14802431,9947
14950586,10046
14950586,10046
14803158,9947
14803158,9947
14951152,10047
14803502,9947
14803502,9947
14951838,10047
14951838,10047
14802756,9947
14949529,10046
14949529,10046
14804647,9948
14949809,10046
14949809,10046
14802804,9947
14802804,9947
14958776,10052
14800903,9946
14800903,9946
14956036,10050
14956036,10050
14802306,9947
14802447,9947
14802447,9947
14950660,10046
14803609,9947
14803609,9947
14952032,10047
14952032,10047
14803814,9948
14950421,10046
14950421,10046
14802911,9947
14802911,9947
14951028,10047
