14801911,9946
14801911,9946
14954194,10049
14801678,9946
14801678,9946
14800229,9945
14800229,9945
14951807,10047
14801273,9946
14801273,9946
14950240,10046
14802860,9947
14802860,9947
14950475,10046
14950475,10046
14805128,9949
14950717,10046
14950717,10046
14799831,9945
14799831,9945
14949874,10046
14801275,9946
14801275,9946
14950509,10046
14800406,9945
14800406,9945
14950317,10046
14950317,10046
14800920,9946
14949891,10046
14949891,10046
14802729,9947
14802729,9947
14802875,9947
14947529,10044
14947529,10044
14802300,9947
14951408,10047
14951408,10047
14801359,9946
14801359,9946
14951109,10047
14807766,9950
14807766,9950
14950621,10046
14950621,10046
14801354,9946
14951219,10047
14951219,10047
14802329,9947
14948847,10045
14948847,10045
14799604,9945
14799604,9945
14949760,10046
14801856,9946
14801856,9946
14802888,9947
14802888,9947
14951208,10047
