14801847,9946
14801847,9946
14953318,10048
14801066,9946
14801066,9946
14800588,9945
14800588,9945
14951368,10047
14802108,9947
14802108,9947
14948365,10045
14801555,9946
14801555,9946
14950988,10047
14950988,10047
14800968,9946
14950925,10046
14950925,10046
14802487,9947
14802487,9947
14950988,10047
14799348,9945
14799348,9945
14951249,10047
14801988,9946
14801988,9946
14950100,10046
14950100,10046
14807775,9950
14801612,9946
14801612,9946
14951206,10047
14951206,10047
14802947,9947
14950358,10046
14950358,10046
14809269,9951
14950152,10046
14950152,10046
14800332,9945
14800332,9945
14951181,10047
14800582,9945
14800582,9945
14950962,10047
14950962,10047
14800395,9945
14949284,10045
14949284,10045
14800906,9946
14951410,10047
14951410,10047
14801740,9946
14801740,9946
14950640,10046
14802945,9947
14802945,9947
14802161,9947
14802161,9947
14948727,10045
