14803576,9948
14803576,9948
14954666,10049
14803318,9947
14803318,9947
14801685,9947
14801685,9947
14951992,10047
14802488,9947
14802488,9947
14952926,10048
14802766,9947
14802766,9947
14953401,10048
14953401,10048
14804766,9948
14952559,10048
14952559,10048
14803686,9948
14803686,9948
14952868,10048
14803167,9947
14803167,9947
14953104,10048
14803460,9947
14803460,9947
14952061,10047
14952061,10047
14806309,9949
14804707,9948
14804707,9948
14952743,10048
14952743,10048
14805868,9949
14952527,10048
14952527,10048
14803850,9948
14949968,10046
14949968,10046
14802407,9947
14802407,9947
14952453,10048
14802395,9947
14802395,9947
14951668,10047
14951668,10047
14802799,9947
14954009,10049
14954009,10049
14803169,9947
14953072,10048
14953072,10048
14804243,9948
14804243,9948
14814801,9955
14951656,10047
14951656,10047
14803400,9947
14803400,9947
14952767,10048
